  1825 0
e 1142 10
i 987 110
u 942 1110
t 875 11110
s 874 111110
a 858 1111110
l 626 11111110
n 588 111111110
r 562 1111111110
m 459 11111111110
o 425 111111111110
c 420 1111111111110
d 255 11111111111110
. 235 111111111111110
p 219 1111111111111110
, 167 11111111111111110
v 153 111111111111111110
g 130 1111111111111111110
b 123 11111111111111111110
q 108 111111111111111111110
f 96 1111111111111111111110
h 61 11111111111111111111110

 40 111111111111111111111110
 40 1111111111111111111111110
P 35 11111111111111111111111110
D 29 111111111111111111111111110
N 26 1111111111111111111111111110
I 23 11111111111111111111111111110
V 21 111111111111111111111111111110
M 20 1111111111111111111111111111110
x 20 11111111111111111111111111111110
A 19 111111111111111111111111111111110
S 18 1111111111111111111111111111111110
C 12 11111111111111111111111111111111110
F 12 111111111111111111111111111111111110
j 12 1111111111111111111111111111111111110
U 11 11111111111111111111111111111111111110
E 6 111111111111111111111111111111111111110
Q 5 1111111111111111111111111111111111111110
; 4 11111111111111111111111111111111111111110
L 2 111111111111111111111111111111111111111110
! 0 1111111111111111111111111111111111111111110
" 0 11111111111111111111111111111111111111111110
# 0 111111111111111111111111111111111111111111110
$ 0 1111111111111111111111111111111111111111111110
% 0 11111111111111111111111111111111111111111111110
& 0 111111111111111111111111111111111111111111111110
' 0 1111111111111111111111111111111111111111111111110
( 0 11111111111111111111111111111111111111111111111110
) 0 111111111111111111111111111111111111111111111111110
* 0 1111111111111111111111111111111111111111111111111110
+ 0 11111111111111111111111111111111111111111111111111110
- 0 111111111111111111111111111111111111111111111111111110
/ 0 1111111111111111111111111111111111111111111111111111110
0 0 11111111111111111111111111111111111111111111111111111110
1 0 111111111111111111111111111111111111111111111111111111110
2 0 1111111111111111111111111111111111111111111111111111111110
3 0 11111111111111111111111111111111111111111111111111111111110
4 0 111111111111111111111111111111111111111111111111111111111110
5 0 1111111111111111111111111111111111111111111111111111111111110
6 0 11111111111111111111111111111111111111111111111111111111111110
7 0 111111111111111111111111111111111111111111111111111111111111110
8 0 1111111111111111111111111111111111111111111111111111111111111110
9 0 11111111111111111111111111111111111111111111111111111111111111110
: 0 111111111111111111111111111111111111111111111111111111111111111110
< 0 1111111111111111111111111111111111111111111111111111111111111111110
= 0 11111111111111111111111111111111111111111111111111111111111111111110
> 0 111111111111111111111111111111111111111111111111111111111111111111110
? 0 1111111111111111111111111111111111111111111111111111111111111111111110
@ 0 11111111111111111111111111111111111111111111111111111111111111111111110
B 0 111111111111111111111111111111111111111111111111111111111111111111111110
G 0 1111111111111111111111111111111111111111111111111111111111111111111111110
H 0 11111111111111111111111111111111111111111111111111111111111111111111111110
J 0 111111111111111111111111111111111111111111111111111111111111111111111111110
K 0 1111111111111111111111111111111111111111111111111111111111111111111111111110
O 0 11111111111111111111111111111111111111111111111111111111111111111111111111110
R 0 111111111111111111111111111111111111111111111111111111111111111111111111111110
T 0 1111111111111111111111111111111111111111111111111111111111111111111111111111110
W 0 11111111111111111111111111111111111111111111111111111111111111111111111111111110
X 0 111111111111111111111111111111111111111111111111111111111111111111111111111111110
Y 0 1111111111111111111111111111111111111111111111111111111111111111111111111111111110
Z 0 11111111111111111111111111111111111111111111111111111111111111111111111111111111110
[ 0 111111111111111111111111111111111111111111111111111111111111111111111111111111111110
\ 0 1111111111111111111111111111111111111111111111111111111111111111111111111111111111110
] 0 11111111111111111111111111111111111111111111111111111111111111111111111111111111111110
^ 0 111111111111111111111111111111111111111111111111111111111111111111111111111111111111110
_ 0 1111111111111111111111111111111111111111111111111111111111111111111111111111111111111110
` 0 11111111111111111111111111111111111111111111111111111111111111111111111111111111111111110
k 0 111111111111111111111111111111111111111111111111111111111111111111111111111111111111111110
w 0 1111111111111111111111111111111111111111111111111111111111111111111111111111111111111111110
y 0 11111111111111111111111111111111111111111111111111111111111111111111111111111111111111111110
z 0 111111111111111111111111111111111111111111111111111111111111111111111111111111111111111111110
{ 0 1111111111111111111111111111111111111111111111111111111111111111111111111111111111111111111110
| 0 11111111111111111111111111111111111111111111111111111111111111111111111111111111111111111111110
} 0 111111111111111111111111111111111111111111111111111111111111111111111111111111111111111111111110
~ 0 1111111111111111111111111111111111111111111111111111111111111111111111111111111111111111111111110
 0 11111111111111111111111111111111111111111111111111111111111111111111111111111111111111111111111110
