- 0 0
R 0 10
) 0 110
G 0 1110
g 0 11110
} 0 111110
v 0 1111110
K 0 11111110
O 0 111111110
4 0 1111111110
U 0 11111111110
! 0 111111111110
n 0 1111111111110
1 0 11111111111110
^ 0 111111111111110
~ 0 1111111111111110
V 0 11111111111111110
= 0 111111111111111110
; 0 1111111111111111110
m 0 11111111111111111110
Z 0 111111111111111111110
& 0 1111111111111111111110
 0 11111111111111111111110
C 0 111111111111111111111110
@ 0 1111111111111111111111110
S 0 11111111111111111111111110
q 0 111111111111111111111111110
' 0 1111111111111111111111111110
 0 11111111111111111111111111110
w 0 111111111111111111111111111110
J 0 1111111111111111111111111111110
r 0 11111111111111111111111111111110
? 0 111111111111111111111111111111110
[ 0 1111111111111111111111111111111110
\ 0 11111111111111111111111111111111110
> 0 111111111111111111111111111111111110
+ 0 1111111111111111111111111111111111110
f 0 11111111111111111111111111111111111110
  0 111111111111111111111111111111111111110
b 0 1111111111111111111111111111111111111110
* 0 11111111111111111111111111111111111111110
F 0 111111111111111111111111111111111111111110
o 0 1111111111111111111111111111111111111111110
7 0 11111111111111111111111111111111111111111110
p 0 111111111111111111111111111111111111111111110
{ 0 1111111111111111111111111111111111111111111110
P 0 11111111111111111111111111111111111111111111110
9 0 111111111111111111111111111111111111111111111110
/ 0 1111111111111111111111111111111111111111111111110
D 0 11111111111111111111111111111111111111111111111110
L 0 111111111111111111111111111111111111111111111111110
# 0 1111111111111111111111111111111111111111111111111110
i 0 11111111111111111111111111111111111111111111111111110
t 0 111111111111111111111111111111111111111111111111111110
N 0 1111111111111111111111111111111111111111111111111111110
6 0 11111111111111111111111111111111111111111111111111111110
j 0 111111111111111111111111111111111111111111111111111111110
A 0 1111111111111111111111111111111111111111111111111111111110
x 0 11111111111111111111111111111111111111111111111111111111110
W 0 111111111111111111111111111111111111111111111111111111111110
, 0 1111111111111111111111111111111111111111111111111111111111110
% 0 11111111111111111111111111111111111111111111111111111111111110
M 0 111111111111111111111111111111111111111111111111111111111111110
T 0 1111111111111111111111111111111111111111111111111111111111111110
s 0 11111111111111111111111111111111111111111111111111111111111111110
z 0 111111111111111111111111111111111111111111111111111111111111111110
Q 0 1111111111111111111111111111111111111111111111111111111111111111110
B 0 11111111111111111111111111111111111111111111111111111111111111111110
E 0 111111111111111111111111111111111111111111111111111111111111111111110
I 0 1111111111111111111111111111111111111111111111111111111111111111111110

 0 11111111111111111111111111111111111111111111111111111111111111111111110
3 0 111111111111111111111111111111111111111111111111111111111111111111111110
X 0 1111111111111111111111111111111111111111111111111111111111111111111111110
` 0 11111111111111111111111111111111111111111111111111111111111111111111111110
: 0 111111111111111111111111111111111111111111111111111111111111111111111111110
| 0 1111111111111111111111111111111111111111111111111111111111111111111111111110
Y 0 11111111111111111111111111111111111111111111111111111111111111111111111111110
( 0 111111111111111111111111111111111111111111111111111111111111111111111111111110
$ 0 1111111111111111111111111111111111111111111111111111111111111111111111111111110
e 0 11111111111111111111111111111111111111111111111111111111111111111111111111111110
_ 0 111111111111111111111111111111111111111111111111111111111111111111111111111111110
H 0 1111111111111111111111111111111111111111111111111111111111111111111111111111111110
a 0 11111111111111111111111111111111111111111111111111111111111111111111111111111111110
y 0 111111111111111111111111111111111111111111111111111111111111111111111111111111111110
8 0 1111111111111111111111111111111111111111111111111111111111111111111111111111111111110
d 0 11111111111111111111111111111111111111111111111111111111111111111111111111111111111110
l 0 111111111111111111111111111111111111111111111111111111111111111111111111111111111111110
k 0 1111111111111111111111111111111111111111111111111111111111111111111111111111111111111110
h 0 11111111111111111111111111111111111111111111111111111111111111111111111111111111111111110
" 0 111111111111111111111111111111111111111111111111111111111111111111111111111111111111111110
] 0 1111111111111111111111111111111111111111111111111111111111111111111111111111111111111111110
c 0 11111111111111111111111111111111111111111111111111111111111111111111111111111111111111111110
0 0 111111111111111111111111111111111111111111111111111111111111111111111111111111111111111111110
. 0 1111111111111111111111111111111111111111111111111111111111111111111111111111111111111111111110
5 0 11111111111111111111111111111111111111111111111111111111111111111111111111111111111111111111110
< 0 111111111111111111111111111111111111111111111111111111111111111111111111111111111111111111111110
2 0 1111111111111111111111111111111111111111111111111111111111111111111111111111111111111111111111110
u 0 11111111111111111111111111111111111111111111111111111111111111111111111111111111111111111111111110
